98

213

52

140

100

132

161

210

87

213

97

6

118

57

30

242

98

249

5

219

123

33

96

113

192

4

77

2

245

191

23

168

128

199

130

51

210

207

202

44

209

150

144

142

125

73

152

98

73

176

115

3

222

226

108

1

232

147

19

163

195

100

58

104

187

249

138

0

215

120

39

204

87

43

133

173

11

220

69

41

190

13

147

131

91

137

60

93

174

9

182

30

253

57

25

85

255

155

246

88

210

95

121

41

218

64

10

245

31

172

114

202

238

5

43

102

37

135

241

39

70

239

227

71

248

177

7

31

196

221

229

221

212

251

88

56

114

41

178

107

108

38

2

201

81

80

3

10

24

214

101

45

185

231

171

143

99

62

210

103

139

215

56

239

141

151

134

45

82

254

115

143

237

179

77

86

7

242

61

41

251

46

72

25

176

110

171

38

89

80

247

77

180

83

11

244

26

153

163

114

244

203

179

2

141

108

216

68

247

101

170

182

141

244

139

190

4

103

131

243

212

97

138

64

107

1

144

55

123

65

99

81

216

15

152

124

31

243

0

53

30

247

158

217

110

214

84

202

152

94

123

164

19

14

138

218

87

23

71

207

241

119

185

227

198

228

170

38

177

253

66

198

20

13

67

203

100

127

20

188

224

70

19

173

174

53

160

61

200

250

65

162

239

121

237

7

20

58

170

68

67

131

53

147

220

249

38

179

1

175

18

61

252

198

14

0

162

137

115

207

247

49

213

31

137

115

40

219

125

220

96

200

83

21

136

61

250

182

163

100

222

124

210

155

142

154

22

231

211

104

79

8

217

239

26

85

55

140

249

93

218

151

161

168

137

133

58

74

180

25

144

29

82

41

164

8

218

124

191

86

119

211

134

76

63

104

200

247

228

248

251

20

224

37

177

90

249

68

224

195

106

146

194

15

124

163

123

46

21

0

50

162

41

227

3

61

73

130

223

228

195

45

115

35

247

234

213

249

3

23

82

181

109

155

45

170

123

91

133

219

249

227

253

137

157

121

220

162

216

105

176

22

123

147

218

221

131

235

107

55

13

8

218

33

67

21

176

25

29

255

136

33

73

29

237

224

73

155

195

62

50

248

175

189

157

238

100

248

129

92

30

36

114

222

232

196

9

97

54

140

21

86

29

56

226

124

144

219

60

157

94

230

107

2

67

100

130

111

179

103

52

199

252

115

54

215

143

63

55

76

2

149

18

201

130

202

145

84

42

157

144

31

220

71

149

84

21

62

119

32

138

243

165

117

200

75

16

147

165

197

35

177

135

63

164

239

157

143

158

232

174

84

4

118

7

73

29

109

175

23

214

16

110

185

56

5

42

245

168

193

241

109

248

53

154

126

160

175

36

119

246

53

227

119

101

139

40

18

226

68

34

62

2

119

34

61

17

64

20

54

55

252

150

160

252

166

149

140

56

244

88

165

134

18

250

188

26

177

190

238

189

204

104

42

43

33

228

209

142

169

84

60

168

93

125

234

64

70

0

134

50

131

223

236

222

97

141

255

243

207

171

135

24

234

57

145

88

131

133

143

185

81

73

96

203

205

226

132

78

46

233

220

97

20

149

148

244

232

169

173

23

1

108

15

92

79

177

165

226

25

218

22

149

186

224

9

144

74

240

79

95

58

10

166

216

142

2

188

121

235

166

244

40

142

30

209

100

146

3

82

158

17

227

103

35

33

179

102

28

89

193

159

142

15

217

140

121

180

175

170

249

252

232

151

171

119

57

73

10

16

146

239

87

217

97

130

15

218

63

106

26

226

235

85

211

106

180

251

69

77

202

83

15

112

191

55

200

189

152

95

140

127

234

213

209

7

31

188

64

112

232

235

6

159

63

144

11

210

160

142

249

101

119

66

247

65

57

41

214

5

255

169

16

132

175

32

203

48

39

160

74

8

186

168

253

225

177

92

67

62

78

240

216

145

243

26

27

52

4

126

131

16

206

192

130

224

248

9

217

86

223

119

3

193

173

22

188

43

211

29

150

227

170

151

143

18

26

239

167

238

44

69

68

72

93

31

250

170

60

224

193

231

92

107

218

71

80

193

117

192

51

93

92

115

31

224

197

179

131

160

58

197

126

121

174

31

110

216

244

96

117

131

183

156

27

94

107

203

187

39

43

155

86

228

210

254

233

157

72

248

59

150

183

188

129

163

173

192

212

144

123

102

64

30

158

231

144

150

62

101

188

39

152

78

66

100

239

103

241

187

34

19

234

154

248

23

91

179

111

81

240

223

63

247

164

70

179

153

83

109

247

168

248

161

195

82

13

115

14

60

136

94

151

127

128

63

2

152

104

75

51

50

115

173

19

36

78

130

232

157

68

137

107

237

253

48

24

105

23

34

28

19

123

194

148

43

223

130

53

70

160

229

192

155

97

53

165

212

149

176

223

177

164

199

80

39

129

70

214

81

199

231

123

15

35

245

156

111

194

162

188

254

211

37

13

87

14

23

44

135

254

158

63

57

186

86

91

113

61

214

207

36

67

17

68

221

81

26

8

27

63

124

36

146

86

91

154

184

227

143

228

7

243

54

81

63

66

46

33

184

109

94

134

244

127

68

31

195

214

80

204

67

1

5

192

177

140

192

55

180

137

24

65

79

43

238

34

55

204

130

95

181

195

99

49

115

52

206

241

253

169

182

72

152

226

157

217

203

184

31

47

197

217

20

175

148

167

25

89

98

251

119

4

39

71

154

188

45

96

35

77

36

9

9

94

228

234

241

56

226

225

213

161

197

100

219

101

116

210

192

252

137

236

240

133

249

167

147

90

198

195

223

132

156

111

119

79

52

80

183

115

42

212

164

169

10

30

0

32

147

69

18

210

227

79

83

235

129

168

92

82

13

252

31

36

9

79

32

44

192

216

13

125

13

92

121

27

117

91

62

43

196

189

23

181

200

24

178

249

253

227

4

50

126

164

89

224

70

203

106

99

75

122

237

108

83

137

11

24

252

102

15

83

182

124

64

65

115

109

175

204

104

207

160

165

86

27

136

211

201

188

75

253

18

243

225

24

63

37

147

22

67

151

224

83

147

30

146

83

250

111

252

203

41

125

191

82

39

88

112

59

52

164

18

232

169

79

79

16

9

135

250

173

5

247

225

28

110

110

64

157

231

50

192

112

32

60

19

109

184

3

244

35

162

145

240

4

60

242

190

193

102

195

184

137

108

207

183

46

57

189

162

65

160

237

99

176

102

176

252

103

85

209

230

154

113

70

141

234

152

247

31

142

127

232

63

249

131

225

84

176

161

17

19

122

115

60

5

9

180

235

57

131

58

152

155

182

30

218

107

252

197

31

103

48

158

231

214

170

249

66

0

29

179

139

3

170

33

103

238

85

14

140

200

77

10

77

156

96

60

215

211

239

85

238

193

190

208

129

189

127

227

157

76

71

114

141

63

216

240

253

162

66

164

246

221

227

204

153

16

77

252

243

21

127

70

189

180

237

70

30

53

49

65

143

227

85

130

84

168

229

164

245

73

171

61

232

3

154

79

26

155

126

143

168

196

241

242

21

129

125

127

24

4

233

60

158

110

44

148

183

235

180

177

139

171

144

126

155

146

228

196

157

224

197

186

243

15

226

184

55

151

93

215

159

204

96

185

118

147

38

13

74

92

27

254

60

188

181

31

97

149

111

166

5

158

118

141

17

107

35

91

183

185

236

51

248

207

193

12

16

0

39

50

22

214

160

46

14

150

159

178

233

77

56

121

25

206

249

17

84

26

227

240

1

221

176

180

53

53

223

19

18

206

124

224

121

81

176

65

242

71

84

41

46

79

212

45

159

248

126

90

193

79

189

152

36

12

0

81

138

221

215

219

97

242

160

142

124

169

26

230

44

19

81

61

96

102

33

74

197

233

108

204

120

187

15

187

122

37

176

10

120

53

16

71

6

192

174

127

73

151

18

117

95

169

216

128

228

114

181

170

155

56

47

237

215

84

3

142

190

244

181

140

236

142

245

54

99

214

94

252

43

187

252

227

60

149

107

200

228

162

131

3

133

103

148

27

76

156

113

6

127

12

162

86

79

40

127

106

111

73

151

113

132

173

160

221

38

127

94

82

202

21

144

47

216

46

58

135

189

180

226

231

112

33

245

58

37

218

119

252

236

28

97

120

191

52

203

211

18

131

193

251

240

55

90

149

85

250

89

7

157

117

33

173

214

207

23

231

249

130

43

201

169

40

40

19

104

141

98

60

121

25

31

48

75

235

236

88

108

151

38

74

139

160

217

160

187

118

34

19

82

46

167

196

244

166

68

212

117

249

106

76

58

182

140

232

171

232

157

144

99

32

64

219

255

248

225

7

210

174

158

4

188

60

76

183

169

168

12

135

163

153

94

4

121

109

214

228

110

133

200

32

107

119

140

47

159

148

199

15

104

55

165

223

92

168

168

91

44

195

195

130

193

208

133

223

140

28

34

31

34

145

255

2

82

246

203

144

66

107

173

185

241

120

27

198

57

198

32

26

138

116

133

195

130

236

145

70

254

205

132

242

129

171

44

143

177

193

161

110

233

132

62

6

167

61

140

234

7

160

110

204

158

226

164

127

87

156

178

104

36

1

231

77

134

19

151

242

56

137

225

51

130

216

170

241

13

105

194

241

14

18

161

248

35

48

230

15

148

133

103

33

0

50

101

196

160

29

48

234

145

151

19

31

213

47

58

128

114

130

72

110

199

245

78

188

141

74

255

152

178

86

159

80

177

107

123

166

112

184

156

42

89

170

250

244

29

239

160

151

84

15

42

23

208

74

234

139

122

173

170

79

193

139

124

234

199

67

160

30

0

134

2

78

38

25

230

162

49

243

195

174

156

251

16

114

9

101

7

100

121

92

159

103

65

126

82

176

137

44

26

230

103

23

37

77

197

134

146

58

170

54

168

173

37

136

46

80

230

205

28

196

10

108

107

189

86

216

94

118

93

117

228

147

80

63

34

148

90

173

245

200

207

179

85

110

208

47

72

182

238

12

40

10

47

68

200

1

80

85

145

217

216

240

202

93

26

211

3

96

103

146

13

236

72

197

53

238

100

152

117

24

128

221

237

117

41

157

191

55

106

241

118

202

183

116

183

30

217

31

227

43

18

190

69

112

4

153

177

34

75

99

156

180

51

127

44

125

65

161

202

15

204

181

8

30

210

196

137

182

23

90

186

251

155

126

45

214

247

191

84

220

166

211

121

145

38

130

188

31

94

46

52

237

20

82

245

138

184

25

236

40

229

189

60

78

135

161

187

243

154

224

7

236

185

136

187

217

127

56

232

183

235

233

237

143

12

102

142

88

5

124

231

180

243

72

69

66

249

182

213

82

32

38

249

234

63

39

16

208

126

240

172

16

72

24

120

50

252

14

244

8

52

6

78

60

65

48

5

61

88

34

114

131

157

146

252

209

174

33

134

62

134

218

208

175

242

156

76

24

75

64

112

173

115

103

150

42

232

16

11

85

211

141

246

159

164

23

237

119

159

90

112

16

91

25

116

144

98

38

141

158

101

168

124

52

180

67

104

176

11

173

7

138

185

177

107

167

120

237

78

2

123

63

1

22

107

47

219

134

41

123

1

216

22

227

183

50

240

73

208

101

179

196

87

185

35

89

229

197

58

249

86

249

196

237

61

89

1

101

73

192

66

175

144

145

2

135

73

66

174

3

137

57

139

57

77

109

84

66

253

89

104

145

148

146

223

93

136

29

76

174

211

126

233

71

223

146

134

230

29

238

207

4

68

189

165

79

107

254

223

252

56

230

135

118

0

190

246

191

157

78

193

98

244

216

179

183

95

162

143

206

107

2

66

9

56

100

59

223

33

41

33

160

82

85

48

129

244

23

20

21

239

149

158

56

47

155

118

136

193

214

18

240

156

79

133

250

150

55

20

25

116

61

8

146

108

133

252

11

65

68

210

217

177

4

123

176

203

164

127

200

134

161

23

77

182

156

8

119

176

62

188

73

129

74

224

253

219

246

50

149

198

19

226

165

32

140

80

94

164

224

169

171

187

170

202

159

49

251

68

107

75

179

40

249

24

86

145

40

5

59

29

22

44

3

13

248

60

201

177

158

121

168

7

156

140

211

122

254

26

172

223

134

165

165

249

187

233

38

168

157

125

246

90

120

45

131

23

212

12

174

59

167

163

18

252

247

101

2

60

56

166

159

13

255

104

230

72

183

136

10

15

35

84

8

99

188

5

121

10

254

224

179

23

207

81

157

152

182

169

144

60

241

130

254

15

143

114

61

87

85

117

9

211

172

250

197

120

202

111

192

108

224

181

24

228

199

131

210

211

13

8

86

227

198

165

103

46

221

97

127

30

149

84

85

198

52

154

152

142

16

45

34

89

174

33

171

133

101

156

249

105

85

19

176

59

12

127

188

161

250

203

121

79

198

161

214

220

122

248

183

57

64

49

39

227

3

115

151

213

84

134

181

162

181

87

77

203

94

56

129

100

243

39

183

44

39

23

62

254

228

125

72

240

5

199

9

174

138

197

226

98

196

144

100

32

215

88

18

84

123

68

142

106

246

36

27

160

1

1

163

153

5

38

89

75

36

86

224

93

179

98

1

79

204

156

119

21

243

164

17

196

88

41

0

67

74

115

100

22

79

227

72

82

154

232

140

32

44

188

152

83

46

102

104

72

221

145

135

46

44

32

49

171

18

219

175

119

57

84

170

248

229

58

234

255

255

151

213

150

119

227

0

8

201

243

35

183

188

132

220

239

81

177

224

145

176

147

218

191

7

206

237

37

164

138

222

66

116

65

111

98

154

186

18

206

14

71

93

121

142

210

239

25

33

43

25

71

38

177

142

165

104

244

177

190

122

27

239

180

154

139

130

32

196

149

22

60

113

119

34

207

120

104

160

161

155

22

219

76

85

83

240

34

62

5

149

56

15

136

49

92

159

145

169

190

211

255

51

216

32

133

99

111

229

72

65

115

184

57

107

244

40

25

83

222

39

37

226

95

221

98

185

188

164

236

138

66

166

46

20

11

147

208

81

250

57

252

234

119

4

249

140

46

202

251

73

142

227

115

51

96

190

203

95

194

123

25

220

192

69

165

158

165

191

66

92

136

94

198

77

235

239

248

155

192

183

146

143

232

33

255

79

203

87

234

3

102

251

163

56

3

149

174

225

109

163

166

163

217

19

154

153

46

232

124

24

243

49

233

28

251

81

234

204

119

160

25

109

107

20

207

53

157

85

180

34

50

245

238

26

220

170

129

242

62

218

196

38

103

98

96

80

185

94

204

55

3

173

43

177

224

117

192

45

187

144

37

235

149

144

19

32

56

57

59

129

58

148

113

82

57

5

168

249

201

42

16

173

216

191

11

243

138

89

108

7

161

163

200

96

207

175

23

17

141

120

74

109

221

220

45

61

38

109

4

76

179

102

54

77

106

115

8

168

100

194

241

31

140

22

67

238

169

49

61

196

163

102

193

242

136

102

67

20

75

211

81

210

246

167

112

119

10

140

204

46

109

174

154

189

133

49

128

176

243

97

16

106

188

165

10

115

86

92

214

97

249

21

77

27

65

9

254

85

31

42

224

61

67

208

251

53

195

63

136

54

161

156

192

69

179

20

1

166

37

84

96

106

156

88

5

36

56

42

146

217

143

78

235

192

187

36

162

86

189

12

7

100

89

12

186

184

62

234

115

233

52

52

35

237

78

64

241

22

123

134

153

86

129

88

250

149

245

230

43

63

18

151

79

199

216

35

241

146

182

221

28

237

58

84

136

79

210

103

241

155

14

64

101

30

129

18

63

234

73

25

220

156

253

105

231

32

15

202

91

9

169

3

80

122

33

23

7

155

200

17

22

69

66

51

96

233

71

104

86

198

146

66

236

152

16

94

97

75

48

211

108

50

165

97

207

184

226

160

205

91

36

132

108

11

39

226

125

118

195

158

95

232

186

47

212

131

196

123

37

86

35

0

104

200

184

90

174

95

43

249

234

189

239

251

101

162

12

20

172

63

56

33

122

178

37

107

51

87

63

237

58

50

219

14

27

246

12

174

128

11

151

41

193

122

164

107

116

96

5

190

19

26

137

142

253

226

235

101

100

2

50

207

13

242

96

31

139

246

4

17

14

213

146

211

43

94

136

51

31

254

116

48

96

79

243

29

146

243

85

70

115

235

56

66

32

5

34

15

